1 2 4
2 3 4
3 4 4
4 5 4
5 6 4
6 7 4
7 8 4
8 9 4
9 10 4
10 11 4
11 12 4
12 13 4
13 14 4
14 15 4
15 16 4
16 17 4
17 18 4
18 19 4
19 20 4
20 21 4
21 22 4
22 23 4
23 24 4
24 25 4
25 26 4
26 27 4
27 1 4
28 29 4
29 30 4
30 31 4
31 32 4
32 33 4
33 34 4
34 35 4
35 36 4
36 37 4
37 38 4
38 39 4
39 40 4
40 41 4
41 42 4
42 43 4
43 28 4
44 45 4
45 46 4
46 47 4
47 48 4
48 49 4
49 50 4
50 51 4
51 52 4
52 53 4
53 54 4
54 55 4
55 56 4
56 57 4
57 58 4
58 59 4
59 44 4
60 61 4
61 62 4
62 63 4
63 64 4
64 65 4
65 66 4
66 67 4
67 68 4
68 69 4
69 70 4
70 71 4
71 72 4
72 73 4
73 74 4
74 75 4
75 60 4
76 77 4
77 78 4
78 79 4
79 80 4
80 81 4
81 82 4
82 83 4
83 84 4
84 85 4
85 86 4
86 87 4
87 88 4
88 89 4
89 90 4
90 91 4
91 92 4
92 93 4
93 94 4
94 95 4
95 96 4
96 97 4
97 98 4
98 99 4
99 100 4
100 101 4
101 102 4
102 76 4
103 104 4
104 105 4
105 106 4
106 107 4
107 108 4
108 109 4
109 110 4
110 111 4
111 112 4
112 113 4
113 114 4
114 115 4
115 116 4
116 117 4
117 118 4
118 103 4
119 120 4
120 121 4
121 122 4
122 123 4
123 124 4
124 125 4
125 126 4
126 127 4
127 128 4
128 129 4
129 130 4
130 131 4
131 119 4
132 133 4
133 134 4
134 135 4
135 136 4
136 137 4
137 138 4
138 139 4
139 140 4
140 141 4
141 142 4
142 143 4
143 144 4
144 132 4
145 146 4
146 147 4
147 148 4
148 149 4
149 150 4
150 151 4
151 152 4
152 153 4
153 154 4
154 155 4
155 156 4
156 157 4
157 145 4
158 159 4
159 160 4
160 161 4
161 162 4
162 163 4
163 164 4
164 165 4
165 166 4
166 167 4
167 168 4
168 169 4
169 170 4
170 171 4
171 172 4
172 173 4
173 174 4
174 158 4
175 176 4
176 177 4
177 178 4
178 179 4
179 180 4
180 181 4
181 182 4
182 183 4
183 184 4
184 185 4
185 186 4
186 187 4
187 188 4
188 189 4
189 190 4
190 175 4
191 192 4
192 193 4
193 194 4
194 195 4
195 196 4
196 197 4
197 198 4
198 199 4
199 200 4
200 201 4
201 202 4
202 203 4
203 191 4
204 205 4
205 206 4
206 207 4
207 208 4
208 209 4
209 210 4
210 211 4
211 212 4
212 213 4
213 214 4
214 215 4
215 216 4
216 204 4
217 218 4
218 219 4
219 220 4
220 221 4
221 222 4
222 223 4
223 224 4
224 225 4
225 226 4
226 227 4
227 228 4
228 229 4
229 217 4
230 231 4
231 232 4
232 233 4
233 234 4
234 235 4
235 236 4
236 237 4
237 238 4
238 239 4
239 240 4
240 241 4
241 242 4
242 243 4
243 244 4
244 245 4
245 230 4
246 247 4
247 248 4
248 249 4
249 250 4
250 251 4
251 252 4
252 253 4
253 254 4
254 255 4
255 256 4
256 257 4
257 258 4
258 259 4
259 260 4
260 261 4
261 246 4
262 263 4
263 264 4
264 265 4
265 266 4
266 267 4
267 268 4
268 269 4
269 270 4
270 271 4
271 272 4
272 273 4
273 274 4
274 262 4
275 276 4
276 277 4
277 278 4
278 279 4
279 280 4
280 281 4
281 282 4
282 283 4
283 284 4
284 285 4
285 286 4
286 287 4
287 275 4
288 289 4
289 290 4
290 291 4
291 292 4
292 293 4
293 294 4
294 295 4
295 296 4
296 297 4
297 298 4
298 299 4
299 300 4
300 288 4
301 302 4
302 303 4
303 304 4
304 305 4
305 306 4
306 307 4
307 308 4
308 309 4
309 310 4
310 311 4
311 312 4
312 313 4
313 314 4
314 315 4
315 316 4
316 301 4
317 318 4
318 319 4
319 320 4
320 321 4
321 322 4
322 323 4
323 324 4
324 325 4
325 326 4
326 327 4
327 328 4
328 329 4
329 330 4
330 331 4
331 332 4
332 333 4
333 334 4
334 335 4
335 336 4
336 337 4
337 338 4
338 339 4
339 340 4
340 341 4
341 342 4
342 343 4
343 317 4
344 345 4
345 346 4
346 347 4
347 348 4
348 349 4
349 350 4
350 351 4
351 352 4
352 353 4
353 354 4
354 355 4
355 356 4
356 357 4
357 358 4
358 359 4
359 344 4
360 361 4
361 362 4
362 363 4
363 364 4
364 365 4
365 366 4
366 367 4
367 368 4
368 369 4
369 370 4
370 371 4
371 372 4
372 373 4
373 374 4
374 375 4
375 360 4
376 377 4
377 378 4
378 379 4
379 380 4
380 381 4
381 382 4
382 383 4
383 384 4
384 385 4
385 386 4
386 387 4
387 388 4
388 389 4
389 390 4
390 391 4
391 376 4
392 393 4
393 394 4
394 395 4
395 396 4
396 397 4
397 398 4
398 399 4
399 400 4
400 401 4
401 402 4
402 403 4
403 404 4
404 405 4
405 406 4
406 407 4
407 408 4
408 409 4
409 410 4
410 411 4
411 412 4
412 413 4
413 414 4
414 415 4
415 416 4
416 417 4
417 418 4
418 392 4
419 420 2
420 421 2
421 422 2
422 423 2
423 424 2
424 425 2
425 426 2
426 427 2
427 428 2
428 429 2
429 430 2
430 431 2
431 432 2
432 433 2
433 434 2
434 435 2
435 436 2
436 437 2
437 438 1
438 439 1
439 440 1
440 441 1
441 442 1
442 443 1
443 444 1
444 445 1
445 446 1
446 447 1
447 448 1
448 449 1
449 450 1
450 451 1
451 452 1
452 453 1
453 454 1
454 455 1
455 456 1
456 457 1
457 458 1
458 459 1
459 460 1
460 461 1
461 462 1
462 463 1
463 464 1
464 465 1
465 466 1
466 467 1
467 468 1
468 469 1
469 470 1
470 471 1
471 472 1
472 473 1
473 474 1
474 475 1
475 476 1
476 477 1
477 478 1
478 479 1
479 480 1
480 481 1
481 482 1
482 483 1
483 484 1
484 485 1
485 486 1
486 487 1
487 488 1
488 489 1
489 490 1
490 491 1
491 492 1
492 493 1
493 494 1
494 495 1
495 496 1
496 497 1
497 498 1
498 499 1
499 500 1
500 501 1
501 502 1
502 503 1
503 504 1
504 505 1
505 506 1
506 507 1
507 508 1
508 509 1
509 510 1
510 511 1
511 512 2
512 513 2
513 514 2
514 515 2
515 516 2
516 517 2
517 518 2
518 519 2
519 520 2
520 521 2
521 522 2
522 523 2
523 524 2
524 525 2
525 526 2
526 527 2
527 528 2
528 529 2
529 530 2
530 531 2
531 532 2
532 533 2
533 534 2
534 535 2
535 536 2
536 537 2
537 538 2
538 539 2
539 540 2
540 541 2
541 542 2
542 543 2
543 544 2
544 545 2
545 546 1
546 547 1
547 548 1
548 549 1
549 550 1
550 551 1
551 552 1
552 553 1
553 554 1
554 555 1
555 556 1
556 557 1
557 558 1
558 559 1
559 560 1
560 561 1
561 562 1
562 563 1
563 564 1
564 565 1
565 566 1
566 567 1
567 568 1
568 569 1
569 570 1
570 571 1
571 572 1
572 573 1
573 574 1
574 575 1
575 576 1
576 577 1
577 578 1
578 579 1
579 580 1
580 581 1
581 582 1
582 583 1
583 584 1
584 585 1
585 586 1
586 587 1
587 588 1
588 589 1
589 590 1
590 591 1
591 592 1
592 593 1
593 594 1
594 595 1
595 596 1
596 597 1
597 598 1
598 599 1
599 600 1
600 601 1
601 602 1
602 603 1
603 604 1
604 605 1
605 606 1
606 607 1
607 608 1
608 609 1
609 610 1
610 611 1
611 612 1
612 613 1
613 614 1
614 615 1
615 616 1
616 617 1
617 618 1
618 619 1
619 620 2
620 621 2
621 622 2
622 623 2
623 624 2
624 625 2
625 626 2
626 627 2
627 628 2
628 629 2
629 630 2
630 631 2
631 632 2
632 633 2
633 634 2
634 635 2
635 636 2
636 637 2
637 638 2
638 639 2
639 640 2
640 641 2
641 642 2
642 643 2
643 644 2
644 645 2
645 646 2
646 647 2
647 648 2
648 649 2
649 650 2
650 651 2
651 652 2
652 653 2
653 654 1
654 655 1
655 656 1
656 657 1
657 658 1
658 659 1
659 660 1
660 661 1
661 662 1
662 663 1
663 664 1
664 665 1
665 666 1
666 667 1
667 668 1
668 669 1
669 670 1
670 671 1
671 672 1
672 673 1
673 674 1
674 675 1
675 676 1
676 677 1
677 678 1
678 679 1
679 680 1
680 681 1
681 682 1
682 683 1
683 684 1
684 685 1
685 686 1
686 687 1
687 688 1
688 689 1
689 690 1
690 691 1
691 692 1
692 693 1
693 694 1
694 695 1
695 696 1
696 697 1
697 698 1
698 699 1
699 700 1
700 701 1
701 702 1
702 703 1
703 704 1
704 705 1
705 706 1
706 707 1
707 708 1
708 709 1
709 710 1
710 711 1
711 712 1
712 713 1
713 714 1
714 715 1
715 716 1
716 717 1
717 718 1
718 719 1
719 720 1
720 721 1
721 722 1
722 723 1
723 724 1
724 725 1
725 726 1
726 727 1
727 728 2
728 729 2
729 730 2
730 731 2
731 732 2
732 733 2
733 734 2
734 735 2
735 736 2
736 737 2
737 738 2
738 739 2
739 740 2
740 741 2
741 742 2
742 743 2
743 744 2
744 745 2
745 746 2
746 747 2
747 748 2
748 749 2
749 750 2
750 751 2
751 752 2
752 753 2
753 754 2
754 755 2
755 756 2
756 757 2
757 758 2
758 759 2
759 760 2
760 761 2
761 762 1
762 763 1
763 764 1
764 765 1
765 766 1
766 767 1
767 768 1
768 769 1
769 770 1
770 771 1
771 772 1
772 773 1
773 774 1
774 775 1
775 776 1
776 777 1
777 778 1
778 779 1
779 780 1
780 781 1
781 782 1
782 783 1
783 784 1
784 785 1
785 786 1
786 787 1
787 788 1
788 789 1
789 790 1
790 791 1
791 792 1
792 793 1
793 794 1
794 795 1
795 796 1
796 797 1
797 798 1
798 799 1
799 800 1
800 801 1
801 802 1
802 803 1
803 804 1
804 805 1
805 806 1
806 807 1
807 808 1
808 809 1
809 810 1
810 811 1
811 812 1
812 813 1
813 814 1
814 815 1
815 816 1
816 817 1
817 818 1
818 819 1
819 820 1
820 821 1
821 822 1
822 823 1
823 824 1
824 825 1
825 826 1
826 827 1
827 828 1
828 829 1
829 830 1
830 831 1
831 832 1
832 833 1
833 834 1
834 835 1
835 836 2
836 837 2
837 838 2
838 839 2
839 840 2
840 841 2
841 842 2
842 843 2
843 844 2
844 845 2
845 846 2
846 847 2
847 848 2
848 849 2
849 850 2
850 851 2
851 419 2
