60.8     60.0
60.786995112950095     59.856338271649456
60.74851607981551     59.71764618249859
60.68737113830806     59.59070680652974
60.608504759413066     59.480652372902654
60.498473385142745     59.37428098614128
60.34419543133171     59.27783000266532
60.14401285765734     59.21306906476529
59.9106322061273     59.20500729725467
59.67620167234792     59.26845735393641
59.479651496677775     59.39235089476712
59.34091053733001     59.54656744691477
59.25822825529154     59.70037577075249
59.21373748472193     59.8523813796684
59.200225796850546     60.01900589320844
59.22274829628052     60.18941961108917
59.28105657215898     60.35088509168131
59.369144356653464     60.4919564587012
59.47696413913212     60.60533749945481
59.593420033578425     60.68897948511159
59.71557053476903     60.74772981705187
59.85109596803272     60.78602009469471
59.99428389055582     60.799979578547365
60.13807403047611     60.78799464598948
60.27519599437531     60.751177185942026
60.39941929621738     60.693155268182544
60.50648474132823     60.61925213508043
60.59444467108994     60.53538353823477
60.667127141248805     60.441521661313686
60.728611387606364     60.33034140801651
60.77361240939716     60.20377399251799
60.79337567630906     60.102737706034034
0.8     30.0
0.7830309531550015     29.836102085427637
0.7315404242372435     29.67619665272454
0.6486317505240683     29.53172993666893
0.5420862918725919     29.41166127769471
0.4183765126876634     29.318119443281077
0.2712785026031407     29.24739919344622
0.10854641409487982     29.207398160494726
-0.05877798558768306     29.20216220419796
-0.22442060120541174     29.232122800342008
-0.3862215094437458     29.29940529145376
-0.5308313226656982     29.401486752964495
-0.6471618768420142     29.52970062177128
-0.7294564560516736     29.671528876878753
-0.7799078168469983     29.82183210945586
-0.7999999451581461     30.000296221139294
-0.7754945846999741     30.196489564865452
-0.6978226510460509     30.391207806270607
-0.5703339356526748     30.560998397362177
-0.40952790114382964     30.687231328000063
-0.23856823455184528     30.763600155488994
-0.077666932827222     30.796220979091366
0.06152034514298933     30.797631021922722
0.19131126041386548     30.77678826049243
0.3250477027812696     30.730988365787457
0.45542635096268014     30.657713340938756
0.5738414880582279     30.55741003451958
0.6719355325326619     30.434168907362157
0.7434692737204451     30.295386931047386
0.7857402302849066     30.150373835861902
60.8     30.0
60.77272212626701     29.79287560361613
60.717540373819574     29.64625459446254
60.635695511807725     29.5143136647305
60.51967171797147     29.39177199543216
60.37163833465463     29.291561612971787
60.20033037925019     29.22548870947579
60.01990688841455     29.20024771598097
59.84610595891065     29.214941642858832
59.691627919145944     29.261822067689817
59.55665865413283     29.33408074735394
59.436710302638396     29.431928950881787
59.33886941920012     29.54954872057988
59.26184446234936     29.691574316510938
59.213910149589104     29.85146466049801
59.2002206246455     30.018786983727413
59.22201994474959     30.186405562236136
59.29463253867913     30.37743442411861
59.43710503072807     30.568462183059133
59.65194860535372     30.720319530961625
59.91100093855005     30.795034066604085
60.16366888864156     30.78307885611274
60.41388472569633     30.68461626758008
60.63243827510533     30.489920226344854
60.756951326071984     30.258891270532377
60.78916445081415     30.13122297653691
-59.2     0.0
-59.216969046845     -0.16389791457236338
-59.26626537217501     -0.3188000877203929
-59.34215109791634     -0.4552305152637839
-59.437516693868965     -0.5688695195946978
-59.54417447713122     -0.6574367594692332
-59.654051551187216     -0.72133187283249
-59.76080944452908     -0.7634054480900132
-59.87549900329815     -0.7902528088025038
-60.008519314482164     -0.799954637014346
-60.156789439846975     -0.7844852271091362
-60.31316371829678     -0.7361579216055042
-60.466179168786276     -0.6501361261995322
-60.60165224041673     -0.5272708806690608
-60.70633555513127     -0.37561959953842344
-60.77220329395688     -0.20905040732356955
-60.79883756362217     -0.04311086807517379
-60.7924690273588     0.10951182893639831
-60.755041850651494     0.2644084033550488
-60.68093634034017     0.41991153878422866
-60.568976438840444     0.5623751524066922
-60.42497850480197     0.6777855637709325
-60.261353208443154     0.7561048210641617
-60.09365288131558     0.7944993000760234
-59.935845609327544     0.7974234848293883
-59.79703414407621     0.7738248259968938
-59.680876806449675     0.7335941571047576
-59.58183078777964     0.6820077051991424
-59.48228855331153     0.6098974159379025
-59.387841094447566     0.5150354107756556
-59.30553272080477     0.3971337282669084
-59.243007469247296     0.25877076416128647
-59.2108251066455     0.13116016048678206
0.8     -30.0
0.7705884050456037     -30.214926754987072
0.6839176157245369     -30.415038184871783
0.5541237383359275     -30.577015495990025
0.40369760376523733     -30.69067231355702
0.2429065744423523     -30.762231195958734
0.08790107486770982     -30.795156211720126
-0.050630175909099365     -30.798396258312508
-0.1838852349261991     -30.778579617236502
-0.33149815341114075     -30.728085828927473
-0.48365446989626754     -30.637242774576034
-0.6239890000465207     -30.500637321642067
-0.7322307082502416     -30.3222393363563
-0.7912435521427307     -30.11804084544154
-0.795165797601685     -29.912185682690826
-0.7521534953876199     -29.727483726401182
-0.6791585238983214     -29.57721908816001
-0.5815423026558172     -29.450628950324308
-0.4523174674787036     -29.340144782081968
-0.29707834087639723     -29.257204968122345
-0.12676975231629634     -29.21010796313821
0.04473398090493898     -29.201251684851606
0.20870767953573993     -29.227704004605226
0.36545794639035956     -29.288353676732505
0.5039519376747947     -29.37868490722193
0.6163224346107304     -29.4899542602908
0.7076772172313596     -29.626914277663055
0.774935289741126     -29.801316088437346
30.8     -60.0
30.790093310930345     -60.125509202941956
30.760894539176945     -60.247061733683516
30.714237618843008     -60.36036734567587
30.653094583360847     -60.462025394523636
30.581112389570205     -60.54982578212376
30.49664905692142     -60.62716801118924
30.394192043217846     -60.69614124505286
30.274603233019537     -60.75139408063627
30.140771300334755     -60.78751726393906
29.997750802097496     -60.79999683818675
29.85235782833886     -60.78625809321569
29.712183583202386     -60.7464326561866
29.57607094172842     -60.67844244675062
29.4316270617524     -60.562985082455825
29.30049623204649     -60.38819386731225
29.215386759059037     -60.15614756527117
29.207114452930234     -59.893545741053366
29.282320957834443     -59.646536009703496
29.414638849588318     -59.45469978581637
29.563768497093015     -59.32940170305054
29.738251746760195     -59.24403184463503
29.926616721776917     -59.203372800817576
30.11003283952419     -59.2076031460018
30.273104358727593     -59.24805983665986
30.409774803560385     -59.312915863691316
30.52910692855049     -59.3999617860837
30.626356347732205     -59.502327692496785
30.69985220107251     -59.6124346549884
30.750668578899614     -59.72341965967763
30.783996093763026     -59.8407827742852
30.795988968205723     -59.91999023500354
300.0     0.0
299.99958333342977     0.4999997685185507
299.99822322974865     1.0325013287529097
299.9957353145387     1.5996227959223528
299.99190665082017     2.2036206582742155
299.98649164141506     2.846898782046942
299.979207361079     3.532017981096774
299.9697282400909     4.261706180161985
299.9576800103309     5.038869200518709
299.94263281279876     5.866602196039434
299.92409335183794     6.748201766248927
299.9014959658376     7.687178770697289
299.87419246666263     8.687271865607126
299.84144058026527     9.752461779020631
299.80239079860314     10.886986334227476
299.75607142783053     12.095356222673486
299.70137158945283     13.382371516316999
299.66430796086746     14.188112430284303
299.6250781184899     14.993750781203499
299.54759287805393     16.469353386325306
299.4570503377647     18.040925780166155
299.35151893923216     19.714667351353828
299.2287954342921     21.497162206732654
299.0863676541107     23.395398767068507
298.92137230876114     25.41678927494586
298.7305471888393     27.569188893702616
298.5101770725888     29.860913986207553
298.2560325704433     32.30075905205084
297.963301065201     34.898011667262594
297.6265088323024     37.6624646072905
297.23943335393193     40.60442413621302
296.7950047772335     43.73471320681063
296.2851954168686     47.06466803014769
295.7008961736754     50.60612613197372
295.0317787454025     54.37140360818236
294.26614255707597     58.37325881410625
293.3907454567568     62.62483916409319
292.390617432125     67.13960707109275
291.24885693624344     71.93124031553761
289.94640990697206     77.01350129722798
288.4618322733873     82.40006869827339
286.771037724565     88.10432408444035
284.8470338431629     94.13908492625163
282.6596514618438     100.51627448064819
280.17527437809997     107.2465180187981
277.3565794616949     114.33865413458624
274.16230080599036     121.79914949114242
270.5470359918435     129.6314055930435
266.4611177963146     137.83494732011383
261.85058076688324     146.40448542324773
256.6572588637746     155.32884945345282
250.81905754974449     164.5897942457489
244.27045074197207     174.1606927360873
236.94325908075342     184.00514116782432
228.76776976439925     194.07552013848323
219.67425804502713     204.31157664793943
209.59496421349854     214.63911800122148
198.74298748174235     224.72477595234577
188.02042397181356     233.76980166278852
177.50839323882442     241.84865170137058
167.27185712143154     249.03840228998297
157.36112911980265     255.41627795060518
147.81356381804557     261.0577529042349
138.65529651883185     266.0351644938594
129.902939032842     270.4167643298576
121.5651686676657     274.26612945604853
113.64417273945871     277.64185924021626
106.13693030620185     280.597491124166
99.03632684739866     283.1815777280987
92.33210714732134     285.4378776366857
86.01167761210937     287.4056215775025
80.06077254530534     289.11982412046547
74.46400028048149     290.6116182505931
69.20528513791827     291.90859615465155
64.26822040838982     293.0351443863664
59.636346320463176     294.01276536495106
55.29336546566711     294.86038007077207
51.22330660580159     295.5946089839394
47.41064627582199     296.2300299086993
43.84039618788927     296.7794124633461
40.49816317065726     297.2539297970724
37.370187255546874     297.6633486079288
34.44336254839505     298.0161988489213
31.70524469231692     298.31992467651287
29.14404802346565     298.58101825937615
26.74863493131085     298.80513805708136
24.508499444446937     298.99721312243287
22.41374665776987     299.1615348950485
20.455069284208413     299.3018378503183
18.62372234254321     299.4213702562124
16.911496772087208     299.52295617686417
15.95270549411389     299.5755517184573
14.99375078120353     299.6250781184899
13.51778442651977     299.6952944311908
12.137919503652505     299.7543509444406
10.847909433843798     299.803807282221
9.641907442079347     299.8450160013976
8.514442657994659     299.87914943560804
7.460397256202681     299.9072231087135
6.474984680250005     299.93011614939655
5.553728968749791     299.94858908576595
4.692445182708733     299.96329935211617
3.887220918426638     299.9748147987283
3.1343988795807323     299.98362545923015
2.430560474401795     299.9901537980543
1.7725103985444     299.9947636324458
1.1572621608270697     299.99776789884805
0.5820245070423627     299.9994354119241
0.04418869617847515     299.99999674559854
-0.4586834166211116     299.9996493490006
-0.9884990750084489     299.99837144487753
-1.552759589808477     299.995981535847
-2.1537100145172463     299.99226912234485
-2.7937420371751247     299.9869913936765
-3.475403503588995     299.97986860869054
-4.201408531867023     299.97057883457234
-4.974648247057104     299.9587519556948
-5.798202163979841     299.94396285250616
-6.675350244996535     299.92572363688083
-7.609585657248439     299.9034748150228
-8.604628250643197     299.87657523165797
-9.66443877325009     299.8442906296502
-10.79323383447708     299.8057806370556
-11.99550161800744     299.7600839687172
-13.276018335478103     299.706101601479
-14.1349426132128     299.6668206480677
-14.993750781203493     299.6250781184899
-16.469353386325334     299.54759287805393
-18.04092578016613     299.4570503377647
-19.714667351353775     299.35151893923216
-21.497162206732632     299.2287954342921
-23.395398767068468     299.0863676541107
-25.416789274945838     298.92137230876114
-27.569188893702567     298.7305471888393
-29.860913986207557     298.5101770725888
-32.30075905205079     298.2560325704433
-34.89801166726253     297.963301065201
-37.662464607290445     297.6265088323024
-40.60442413621296     297.23943335393193
-43.73471320681058     296.7950047772335
-47.06466803014761     296.2851954168686
-50.60612613197369     295.7008961736754
-54.37140360818229     295.0317787454025
-58.37325881410621     294.26614255707597
-62.62483916409309     293.3907454567568
-67.13960707109273     292.390617432125
-71.93124031553754     291.24885693624344
-77.0135012972279     289.94640990697206
-82.40006869827332     288.4618322733873
-88.1043240844403     286.771037724565
-94.13908492625158     284.8470338431629
-100.51627448064815     282.6596514618438
-107.24651801879804     280.1752743781
-114.33865413458612     277.35657946169493
-121.79914949114229     274.1623008059904
-129.63140559304344     270.5470359918435
-137.8349473201137     266.4611177963147
-146.40448542324768     261.85058076688324
-155.32884945345268     256.65725886377464
-164.58979424574872     250.81905754974463
-174.16069273608716     244.27045074197216
-184.00514116782418     236.94325908075353
-194.07552013848309     228.7677697643994
-204.3115766479393     219.67425804502727
-214.6391180012213     209.5949642134987
-224.72477595234568     198.7429874817425
-233.76980166278838     188.02042397181373
-241.84865170137053     177.50839323882457
-249.03840228998286     167.2718571214317
-255.4162779506051     157.36112911980277
-261.0577529042348     147.81356381804574
-266.03516449385927     138.65529651883205
-270.4167643298575     129.9029390328422
-274.26612945604853     121.56516866766579
-277.64185924021626     113.64417273945878
-280.597491124166     106.13693030620186
-283.18157772809866     99.03632684739878
-285.4378776366857     92.33210714732147
-287.4056215775025     86.01167761210952
-289.1198241204654     80.06077254530543
-290.61161825059304     74.46400028048163
-291.9085961546515     69.20528513791841
-293.0351443863664     64.26822040838991
-294.01276536495106     59.636346320463254
-294.86038007077207     55.293365465667186
-295.5946089839394     51.2233066058016
-296.2300299086993     47.410646275822074
-296.77941246334603     43.84039618788936
-297.2539297970723     40.49816317065748
-297.6633486079288     37.37018725554696
-298.0161988489213     34.44336254839507
-298.31992467651287     31.70524469231694
-298.58101825937615     29.144048023465736
-298.80513805708136     26.748634931310868
-298.99721312243287     24.50849944444689
-299.1615348950485     22.413746657769757
-299.3018378503183     20.455069284208427
-299.4213702562124     18.623722342543164
-299.52295617686417     16.91149677208716
-299.5755517184573     15.952705494113909
-299.62507811848985     14.993750781203616
-299.6952944311908     13.517784426519855
-299.7543509444406     12.137919503652657
-299.803807282221     10.847909433843883
-299.8450160013976     9.6419074420793
-299.87914943560804     8.51444265799461
-299.9072231087135     7.460397256202632
-299.93011614939655     6.474984680250023
-299.94858908576595     5.553728968749809
-299.96329935211617     4.692445182708751
-299.9748147987283     3.887220918426657
-299.98362545923015     3.134398879580818
-299.9901537980543     2.43056047440188
-299.9947636324458     1.7725103985444184
-299.99776789884805     1.1572621608269549
-299.9994354119241     0.5820245070423812
-299.99999674559854     0.04418869617842691
-299.9996493490006     -0.45868341662109324
-299.99837144487753     -0.9884990750083638
-299.995981535847     -1.5527595898085917
-299.99226912234485     -2.1537100145172277
-299.9869913936765     -2.7937420371751065
-299.97986860869054     -3.4754035035889768
-299.97057883457234     -4.201408531867071
-299.9587519556948     -4.974648247057086
-299.94396285250616     -5.79820216397989
-299.92572363688083     -6.675350244996583
-299.9034748150228     -7.6095856572483545
-299.87657523165797     -8.604628250643179
-299.8442906296502     -9.664438773250073
-299.8057806370556     -10.793233834476995
-299.7600839687172     -11.995501618007488
-299.706101601479     -13.276018335478085
-299.6668206480677     -14.134942613212848
-299.6250781184899     -14.99375078120341
-299.54759287805393     -16.46935338632525
-299.4570503377647     -18.04092578016611
-299.35151893923216     -19.714667351353757
-299.2287954342921     -21.497162206732543
-299.0863676541107     -23.39539876706838
-298.92137230876114     -25.416789274945824
-298.7305471888393     -27.569188893702616
-298.5101770725888     -29.86091398620747
-298.2560325704433     -32.300759052050715
-297.963301065201     -34.89801166726258
-297.6265088323024     -37.66246460729036
-297.23943335393193     -40.60442413621294
-296.7950047772335     -43.73471320681049
-296.2851954168686     -47.06466803014759
-295.7008961736754     -50.60612613197367
-295.0317787454025     -54.371403608182206
-294.266142557076     -58.37325881410599
-293.39074545675686     -62.624839164093004
-292.39061743212505     -67.13960707109258
-291.24885693624344     -71.9312403155374
-289.9464099069721     -77.01350129722778
-288.46183227338736     -82.40006869827324
-286.7710377245651     -88.1043240844401
-284.84703384316293     -94.13908492625139
-282.65965146184385     -100.51627448064795
-280.1752743781001     -107.24651801879796
-277.356579461695     -114.33865413458604
-274.16230080599047     -121.7991494911422
-270.5470359918436     -129.63140559304333
-266.4611177963148     -137.83494732011346
-261.85058076688347     -146.4044854232473
-256.65725886377476     -155.3288494534526
-250.8190575497447     -164.58979424574858
-244.27045074197233     -174.16069273608693
-236.94325908075368     -184.00514116782398
-228.76776976439956     -194.0755201384829
-219.67425804502756     -204.31157664793895
-209.5949642134989     -214.6391180012211
-198.7429874817427     -224.72477595234548
-188.02042397181395     -233.76980166278818
-177.5083932388248     -241.84865170137036
-167.27185712143208     -249.03840228998263
-157.36112911980302     -255.41627795060495
-147.81356381804588     -261.05775290423475
-138.6552965188322     -266.0351644938592
-129.90293903284234     -270.4167643298574
-121.56516866766592     -274.2661294560485
-113.64417273945892     -277.6418592402162
-106.13693030620225     -280.5974911241659
-99.03632684739868     -283.1815777280987
-92.33210714732148     -285.4378776366857
-86.01167761210966     -287.4056215775024
-80.06077254530544     -289.1198241204654
-74.46400028048164     -290.61161825059304
-69.2052851379183     -291.90859615465155
-64.26822040839005     -293.03514438636637
-59.636346320463275     -294.01276536495106
-55.29336546566733     -294.86038007077207
-51.22330660580175     -295.5946089839394
-47.41064627582209     -296.2300299086993
-43.84039618788938     -296.77941246334603
-40.49816317065736     -297.2539297970723
-37.37018725554698     -297.6633486079288
-34.44336254839522     -298.0161988489213
-31.705244692317095     -298.3199246765128
-29.144048023465885     -298.58101825937615
-26.74863493131115     -298.8051380570813
-24.508499444446905     -298.99721312243287
-22.41374665777004     -299.1615348950485
-20.455069284208584     -299.3018378503183
-18.623722342543317     -299.4213702562124
-16.911496772087308     -299.52295617686417
-15.952705494113927     -299.5755517184573
-14.9937507812035     -299.6250781184899
-13.51778442651987     -299.6952944311908
-12.137919503652409     -299.7543509444406
-10.84790943384377     -299.803807282221
-9.641907442079319     -299.8450160013976
-8.514442657994762     -299.879149435608
-7.460397256202784     -299.9072231087135
-6.474984680250041     -299.93011614939655
-5.5537289687498275     -299.94858908576595
-4.692445182708769     -299.96329935211617
-3.8872209184266753     -299.9748147987283
-3.134398879580836     -299.98362545923015
-2.430560474401765     -299.9901537980543
-1.7725103985443034     -299.9947636324458
-1.1572621608271065     -299.99776789884805
-0.5820245070423996     -299.9994354119241
-0.04418869617857851     -299.99999674559854
0.45868341662094164     -299.9996493490006
0.9884990750084787     -299.99837144487753
1.5527595898084403     -299.995981535847
2.153710014517076     -299.99226912234485
2.793742037175221     -299.9869913936765
3.475403503588825     -299.97986860869054
4.201408531867052     -299.97057883457234
4.974648247057067     -299.9587519556948
5.798202163979871     -299.94396285250616
6.675350244996432     -299.92572363688083
7.609585657248469     -299.9034748150228
8.60462825064316     -299.87657523165797
9.66443877324992     -299.8442906296502
10.793233834476844     -299.8057806370556
11.995501618007339     -299.7600839687172
13.2760183354782     -299.706101601479
14.134942613212697     -299.6668206480677
14.99375078120339     -299.6250781184899
16.4693533863251     -299.54759287805393
18.040925780166226     -299.4570503377647
19.71466735135374     -299.35151893923216
21.497162206732792     -299.22879543429207
23.395398767068496     -299.0863676541107
25.41678927494554     -298.9213723087612
27.56918889370233     -298.7305471888393
29.86091398620732     -298.5101770725888
32.300759052050694     -298.2560325704433
34.898011667262296     -297.963301065201
37.662464607290346     -297.6265088323024
40.60442413621293     -297.23943335393193
43.734713206810476     -296.7950047772335
47.06466803014744     -296.2851954168686
50.60612613197352     -295.70089617367546
54.37140360818232     -295.0317787454025
58.37325881410611     -294.266142557076
62.624839164092855     -293.39074545675686
67.13960707109257     -292.39061743212505
71.93124031553738     -291.24885693624344
77.01350129722776     -289.9464099069721
82.40006869827309     -288.46183227338736
88.10432408444008     -286.77103772456513
94.13908492625123     -284.84703384316305
100.51627448064794     -282.65965146184385
107.24651801879769     -280.17527437810014
114.33865413458565     -277.3565794616951
121.79914949114182     -274.1623008059906
129.63140559304304     -270.5470359918437
137.83494732011332     -266.46111779631485
146.4044854232473     -261.85058076688347
155.32884945345245     -256.6572588637748
164.58979424574835     -250.81905754974485
174.1606927360867     -244.27045074197247
184.00514116782384     -236.9432590807538
194.07552013848266     -228.76776976439976
204.31157664793875     -219.67425804502776
214.6391180012209     -209.5949642134991
224.7247759523452     -198.74298748174297
233.769801662788     -188.0204239718142
241.84865170137016     -177.508393238825
249.0384022899826     -167.27185712143208
255.41627795060478     -157.36112911980328
261.0577529042346     -147.81356381804613
266.0351644938591     -138.65529651883244
270.4167643298573     -129.90293903284257
274.26612945604836     -121.56516866766619
277.6418592402161     -113.6441727394592
280.5974911241659     -106.13693030620226
283.1815777280986     -99.03632684739895
285.4378776366856     -92.33210714732176
287.4056215775024     -86.01167761210968
289.11982412046535     -80.06077254530572
290.611618250593     -74.46400028048193
291.90859615465143     -69.20528513791858
293.0351443863663     -64.26822040839033
294.012765364951     -59.63634632046356
294.86038007077207     -55.29336546566736
295.5946089839394     -51.223306605801774
296.23002990869924     -47.41064627582237
296.77941246334603     -43.84039618788967
297.2539297970723     -40.49816317065738
297.6633486079288     -37.370187255546995
298.0161988489213     -34.44336254839524
298.3199246765128     -31.70524469231711
298.58101825937615     -29.144048023465906
298.80513805708136     -26.748634931310903
298.99721312243287     -24.508499444446926
299.1615348950485     -22.413746657769796
299.3018378503183     -20.455069284208598
299.42137025621247     -18.62372234254307
299.52295617686417     -16.911496772087062
299.5755517184573     -15.952705494113944
299.6250781184899     -14.993750781203518
299.6952944311908     -13.51778442651989
299.7543509444406     -12.137919503652428
299.803807282221     -10.847909433843787
299.8450160013976     -9.641907442079336
299.879149435608     -8.514442657994781
299.9072231087135     -7.460397256202802
299.93011614939655     -6.474984680250061
299.94858908576595     -5.553728968749846
299.96329935211617     -4.692445182708788
299.9748147987283     -3.8872209184266935
299.98362545923015     -3.1343988795808544
299.9901537980543     -2.4305604744017835
299.9947636324458     -1.772510398544322
299.99776789884805     -1.157262160827125
299.9994354119241     -0.5820245070424179
299.9998588529478     -0.2910123904398491
